1 755
2 773
3 720
4 765
5 757
6 798
7 741
8 751
9 722
10 762
11 773
12 765
13 729
14 695
15 768
16 761
17 724
18 750
19 769
20 774
21 687
22 747
23 731
24 759
25 739
26 740
27 715
28 699
29 742
30 760
31 716
32 713
33 739
34 725
35 763
36 748
37 728
38 795
39 733
40 767
41 733
42 736
43 743
44 750
45 732
46 756
47 810
48 723
49 703
50 755
51 721
52 700
53 743
54 748
55 727
56 794
57 746
58 752
59 777
60 784
61 776
62 752
63 764
64 711
65 763
66 738
67 814
68 789
69 749
70 727
71 762
72 746
73 798
74 721
75 798
76 730
77 746
78 723
79 726
80 735
81 741
82 725
83 766
84 758
85 733
86 712
87 735
88 712
89 771
90 683
91 713
92 739
93 708
94 724
95 651
96 549
97 474
98 612
99 638
100 689
101 731
102 680
103 710
104 705
105 719
106 732
107 766
108 694
109 759
110 783
111 749
112 698
113 679
114 786
115 730
116 782
117 708
118 733
119 744
120 756
121 759
122 764
123 675
124 755
125 718
126 719
127 697
128 733
129 733
130 739
131 693
132 774
133 707
134 795
135 702
136 760
137 724
138 700
139 770
140 750
141 725
142 710
143 724
144 744
145 733
146 784
147 721
148 763
149 767
150 771
151 772
152 742
153 741
154 774
155 764
156 728
157 714
158 738
159 693
160 780
161 696
162 709
163 769
164 727
165 743
166 720
167 727
168 709
169 729
170 743
171 641
172 716
173 736
174 694
175 643
176 559
177 460
178 536
179 621
180 698
181 715
182 700
183 745
184 744
185 682
186 743
187 773
188 736
189 734
190 766
191 745
192 679
193 723
194 742
195 749
196 745
197 732
198 723
199 718
200 710
201 771
202 732
203 767
204 728
205 756
206 756
207 759
208 800
209 687
210 714
211 817
212 723
213 704
214 743
215 754
216 751
217 774
218 731
219 745
220 753
221 704
222 719
223 775
224 728
225 708
226 664
227 752
228 740
229 741
230 706
231 734
232 756
233 756
234 728
235 728
236 743
237 749
238 779
239 792
240 718
241 739
242 756
243 764
244 738
245 779
246 718
247 737
248 772
249 721
250 765
251 786
252 737
253 739
254 769
255 748
256 743
257 774
258 735
259 753
260 748
261 764
262 783
263 737
264 752
265 742
266 745
267 718
268 756
269 727
270 703
271 708
272 782
273 702
274 735
275 726
276 739
277 746
278 758
279 760
280 677
281 694
282 794
283 726
284 731
285 715
286 757
287 686
288 790
289 735
290 713
291 750
292 750
293 755
294 731
295 720
296 731
297 758
298 727
299 732
300 798
301 759
302 732
303 761
304 744
305 741
306 717
307 724
308 757
309 749
310 751
311 785
312 764
313 751
314 757
315 719
316 720
317 793
318 779
319 698
320 720
321 677
322 738
323 711
324 736
325 739
326 758
327 749
328 673
329 713
330 739
331 764
332 694
333 703
334 676
335 617
336 554
337 485
338 604
339 649
340 647
341 672
342 719
343 718
344 694
345 732
346 725
347 753
348 756
349 727
350 762
351 736
352 788
353 739
354 768
355 709
356 715
357 737
358 657
359 702
360 735
361 749
362 771
363 756
364 771
365 711
366 742
367 761
368 706
369 728
370 710
371 736
372 761
373 736
374 744
375 722
376 765
377 762
378 757
379 736
380 742
381 745
382 742
383 741
384 728
385 752
386 751
387 780
388 740
389 698
390 717
391 714
392 730
393 691
394 752
395 781
396 782
397 768
398 724
399 766
400 792
401 726
402 738
403 733
404 794
405 710
406 730
407 722
408 695
409 692
410 763
411 699
412 693
413 724
414 645
415 650
416 583
417 522
418 580
419 637
420 669
421 708
422 682
423 745
424 753
425 721
426 732
427 779
428 747
429 719
430 736
431 773
432 737
433 756
434 754
435 720
436 715
437 751
438 748
439 720
440 813
441 714
442 752
443 723
444 704
445 728
446 766
447 721
448 733
449 777
450 737
451 766
452 716
453 757
454 755
455 653
456 757
457 748
458 759
459 772
460 705
461 757
462 696
463 764
464 706
465 774
466 733
467 717
468 724
469 745
470 751
471 704
472 761
473 745
474 706
475 709
476 749
477 763
478 767
479 737
480 711
481 716
482 783
483 801
484 720
485 752
486 751
487 741
488 682
489 730
490 748
491 750
492 757
493 731
494 733
495 732
496 731
497 755
498 705
499 739
500 712
501 734
502 729
503 724
504 749
505 703
506 737
507 732
508 754
509 719
510 736
511 726
512 736
