1 813
2 775
3 750
4 801
5 744
6 756
7 808
8 734
9 736
10 755
11 751
12 764
13 762
14 771
15 805
16 804
17 756
18 773
19 772
20 772
21 769
22 808
23 787
24 784
25 779
26 765
27 786
28 764
29 775
30 750
31 827
32 742
33 789
34 773
35 734
36 819
37 748
38 776
39 783
40 708
41 744
42 785
43 742
44 734
45 669
46 618
47 617
48 676
49 688
50 750
51 713
52 755
53 738
54 755
55 771
56 760
57 820
58 820
59 712
60 689
61 727
62 828
63 751
64 757
65 744
66 786
67 785
68 795
69 765
70 737
71 749
72 763
73 715
74 768
75 757
76 759
77 755
78 753
79 730
80 704
81 678
82 637
83 638
84 729
85 741
86 791
87 733
88 715
89 695
90 778
91 770
92 753
93 781
94 803
95 764
96 783
97 838
98 797
99 738
100 825
101 794
102 747
103 755
104 784
105 762
106 727
107 803
108 856
109 771
110 783
111 787
112 773
113 777
114 749
115 703
116 756
117 750
118 702
119 693
120 705
121 780
122 733
123 787
124 716
125 784
126 800
127 830
128 823
129 783
130 717
131 781
132 718
133 727
134 760
135 741
136 804
137 757
138 754
139 770
140 780
141 739
142 766
143 768
144 696
145 694
146 710
147 744
148 724
149 777
150 790
151 755
152 760
153 802
154 739
155 745
156 770
157 784
158 896
159 786
160 806
161 771
162 760
163 762
164 765
165 794
166 780
167 782
168 740
169 749
170 768
171 784
172 740
173 737
174 743
175 748
176 743
177 764
178 724
179 760
180 713
181 645
182 600
183 648
184 700
185 715
186 781
187 722
188 758
189 775
190 804
191 727
192 777
193 768
194 772
195 713
196 773
197 772
198 755
199 788
200 767
201 765
202 750
203 741
204 810
205 769
206 805
207 783
208 787
209 768
210 733
211 734
212 726
213 739
214 757
215 732
216 659
217 609
218 565
219 678
220 720
221 768
222 719
223 746
224 743
225 822
226 749
227 788
228 789
229 747
230 782
231 807
232 695
233 737
234 762
235 726
236 773
237 771
238 779
239 786
240 762
241 793
242 781
243 815
244 790
245 785
246 782
247 771
248 761
249 718
250 731
251 745
252 803
253 720
254 741
255 788
256 738
257 757
258 771
259 738
260 787
261 797
262 792
263 780
264 792
265 716
266 766
267 777
268 780
269 751
270 740
271 765
272 784
273 785
274 729
275 755
276 754
277 805
278 757
279 735
280 738
281 773
282 765
283 798
284 768
285 774
286 799
287 751
288 772
289 777
290 708
291 706
292 721
293 712
294 664
295 649
296 602
297 530
298 666
299 788
300 702
301 749
302 785
303 816
304 766
305 795
306 754
307 816
308 771
309 782
310 801
311 786
312 798
313 782
314 785
315 752
316 783
317 779
318 737
319 777
320 765
321 763
322 775
323 760
324 726
325 765
326 754
327 743
328 738
329 753
330 724
331 690
332 568
333 599
334 655
335 707
336 742
337 764
338 767
339 770
340 739
341 749
342 756
343 758
344 766
345 804
346 715
347 731
348 774
349 780
350 749
351 812
352 722
353 795
354 748
355 768
356 759
357 767
358 745
359 779
360 745
361 766
362 791
363 741
364 748
365 740
366 755
367 728
368 725
369 706
370 726
371 791
372 766
373 778
374 745
375 791
376 804
377 782
378 752
379 775
380 791
381 787
382 821
383 789
384 729
385 727
386 794
387 731
388 745
389 758
390 759
391 745
392 742
393 717
394 735
395 749
396 668
397 764
398 752
399 809
400 746
401 781
402 783
403 838
404 737
405 779
406 787
407 759
408 764
409 760
410 732
411 731
412 737
413 763
414 832
415 750
416 750
417 757
418 776
419 797
420 771
421 794
422 735
423 725
424 753
425 752
426 748
427 711
428 782
429 720
430 690
431 675
432 622
433 718
434 683
435 711
436 775
437 690
438 761
439 772
440 735
441 730
442 806
443 793
444 720
445 742
446 833
447 754
448 739
449 774
450 744
451 776
452 764
453 772
454 732
455 785
456 762
457 791
458 807
459 717
460 771
461 746
462 792
463 736
464 768
465 672
466 659
467 590
468 607
469 660
470 732
471 694
472 763
473 744
474 746
475 703
476 772
477 769
478 777
479 800
480 779
481 809
482 788
483 819
484 783
485 756
486 766
487 771
488 741
489 779
490 743
491 779
492 788
493 780
494 774
495 777
496 734
497 713
498 769
499 817
500 810
501 795
502 794
503 763
504 827
505 859
506 769
507 796
508 800
509 799
510 781
511 755
512 779
