1 2884
2 3000
3 3010
4 3040
5 2786
6 2926
7 2894
8 2974
9 3055
10 2948
11 2979
12 2901
13 2933
14 2951
15 2927
16 3028
17 2972
18 2974
19 3025
20 3041
21 2980
22 3001
23 2965
24 2837
25 2877
26 2993
27 2914
28 2877
29 2894
30 2943
31 2965
32 3004
33 2953
34 2967
35 2924
36 2876
37 2874
38 2935
39 2968
40 2926
41 2927
42 2818
43 2754
44 2671
45 2362
46 1984
47 2071
48 2494
49 2627
50 2857
51 2713
52 3002
53 2880
54 2847
55 2917
56 2914
57 2803
58 2904
59 2879
60 2980
61 3015
62 2962
63 2978
64 2971
65 3004
66 2992
67 2926
68 2942
69 2954
70 2930
71 2866
72 3034
73 2876
74 2982
75 2840
76 2868
77 2861
78 2861
79 2870
80 2729
81 2491
82 2242
83 2216
84 2484
85 2765
86 2907
87 2984
88 2858
89 2797
90 2959
91 2945
92 2906
93 2866
94 2940
95 2980
96 2876
97 3005
98 2844
99 2974
100 2883
101 2914
102 2940
103 2935
104 3112
105 2937
106 2906
107 3011
108 2972
109 2970
110 2998
111 2961
112 2967
113 2963
114 2989
115 3017
116 2846
117 2723
118 2745
119 2696
120 2803
121 2867
122 2852
123 2890
124 2875
125 2986
126 3019
127 3060
128 3035
129 2890
130 2979
131 2957
132 3077
133 2956
134 2871
135 2950
136 2933
137 2942
138 2837
139 2955
140 2847
141 2904
142 2944
143 2823
144 2716
145 2647
146 2616
147 2794
148 2862
149 2943
150 2837
151 3013
152 2949
153 3012
154 2900
155 2862
156 2951
157 3023
158 2917
159 3045
160 2981
161 2932
162 2989
163 2944
164 2887
165 2983
166 2931
167 2841
168 3062
169 2877
170 2936
171 2837
172 2858
173 2954
174 3005
175 2826
176 2821
177 2849
178 2853
179 2763
180 2520
181 2237
182 2178
183 2507
184 2685
185 2762
186 2856
187 2912
188 2917
189 2877
190 2852
191 2933
192 2894
193 2932
194 3032
195 2927
196 3016
197 2898
198 2855
199 2990
200 2947
201 2892
202 2902
203 2983
204 2848
205 2927
206 2948
207 2921
208 2931
209 2954
210 2878
211 2837
212 2886
213 2767
214 2845
215 2570
216 2366
217 1983
218 2053
219 2418
220 2577
221 2831
222 2754
223 2936
224 2872
225 2947
226 2895
227 3023
228 2927
229 2941
230 2985
231 2982
232 2900
233 2941
234 2881
235 2963
236 2899
237 2924
238 2923
239 2988
240 2940
241 2948
242 3041
243 2973
244 2897
245 3061
246 2986
247 2949
248 2948
249 2931
250 2991
251 2951
252 3004
253 2945
254 2955
255 2977
256 2912
257 3010
258 2963
259 2929
260 2898
261 3012
262 2908
263 2924
264 3033
265 2990
266 2989
267 2887
268 3029
269 2962
270 2968
271 2940
272 2992
273 2977
274 2887
275 3028
276 2920
277 2940
278 2909
279 2945
280 2983
281 2987
282 2984
283 2998
284 2945
285 2945
286 2953
287 2940
288 2931
289 2888
290 2883
291 2983
292 2922
293 2962
294 2663
295 2425
296 2056
297 2005
298 2364
299 2648
300 2743
301 2790
302 2846
303 2958
304 2839
305 2942
306 2884
307 3013
308 2799
309 2967
310 2884
311 2858
312 2914
313 3003
314 2994
315 3026
316 2982
317 2802
318 3053
319 2958
320 2966
321 2952
322 2901
323 2874
324 2930
325 2920
326 2937
327 2900
328 2856
329 2688
330 2696
331 2353
332 2201
333 2213
334 2523
335 2685
336 2764
337 2874
338 2903
339 2885
340 2909
341 2820
342 2890
343 2897
344 3044
345 2958
346 2905
347 2976
348 2953
349 2991
350 2983
351 2950
352 2979
353 3002
354 2943
355 3009
356 3027
357 3063
358 3010
359 2875
360 2892
361 2846
362 2957
363 2976
364 2843
365 2981
366 2885
367 2668
368 2681
369 2759
370 2776
371 2757
372 2996
373 2885
374 2780
375 2971
376 2946
377 3026
378 2904
379 2937
380 3022
381 2981
382 2949
383 2938
384 2896
385 2930
386 3063
387 2926
388 3019
389 2989
390 2919
391 2937
392 2927
393 2752
394 2851
395 2647
396 2756
397 2832
398 2890
399 2790
400 2885
401 2902
402 2935
403 2866
404 2954
405 2967
406 2922
407 2931
408 2987
409 2957
410 3025
411 2958
412 3021
413 2957
414 2981
415 3031
416 2939
417 2998
418 2937
419 2958
420 2979
421 2821
422 2930
423 3000
424 2915
425 2835
426 2812
427 2908
428 2790
429 2707
430 2432
431 2190
432 2220
433 2428
434 2758
435 2813
436 2837
437 2777
438 2868
439 2825
440 2904
441 2913
442 2935
443 2960
444 2840
445 2899
446 2931
447 2896
448 2930
449 2872
450 2981
451 2951
452 2849
453 2955
454 2933
455 2885
456 2874
457 2934
458 2986
459 2887
460 2956
461 2842
462 2921
463 2872
464 2803
465 2632
466 2390
467 2056
468 1991
469 2442
470 2660
471 2718
472 2839
473 2799
474 2918
475 2892
476 2873
477 2861
478 2934
479 2968
480 3028
481 2952
482 2990
483 2988
484 2985
485 2970
486 2947
487 2933
488 2896
489 2932
490 2978
491 3002
492 3002
493 2956
494 2931
495 3031
496 2946
497 2939
498 2854
499 2922
500 2974
501 2969
502 3034
503 2947
504 3021
505 3026
506 3011
507 2945
508 2910
509 2910
510 2945
511 2923
512 2932
