1 2191
2 2105
3 2143
4 2095
5 2200
6 2153
7 2114
8 2151
9 2052
10 2026
11 2074
12 2063
13 2236
14 2114
15 2076
16 2169
17 2228
18 2159
19 2106
20 2074
21 2089
22 2065
23 2056
24 2107
25 2107
26 2104
27 2105
28 2006
29 2109
30 2078
31 2052
32 2182
33 2126
34 2030
35 2099
36 2039
37 2031
38 2010
39 1986
40 1856
41 1894
42 1815
43 1774
44 1733
45 1790
46 1779
47 1887
48 1935
49 2078
50 2095
51 2202
52 2096
53 2141
54 2092
55 2070
56 2158
57 2102
58 2087
59 2103
60 2102
61 2114
62 2217
63 2125
64 2169
65 2047
66 2118
67 2134
68 2106
69 2133
70 2074
71 2162
72 2075
73 2086
74 2021
75 2078
76 2000
77 1966
78 1928
79 1818
80 1726
81 1758
82 1690
83 1802
84 2038
85 1953
86 2090
87 2051
88 2149
89 2067
90 2106
91 2030
92 2165
93 2160
94 2113
95 2093
96 2158
97 2180
98 2087
99 2073
100 2086
101 2071
102 2092
103 2135
104 2104
105 2131
106 2134
107 2070
108 2095
109 2073
110 2073
111 2096
112 2084
113 2057
114 2143
115 2007
116 2036
117 2001
118 1871
119 1965
120 2045
121 2087
122 2053
123 2101
124 2177
125 2108
126 2181
127 2057
128 2103
129 2017
130 2065
131 2146
132 2072
133 2033
134 2038
135 2045
136 2069
137 2065
138 2081
139 2144
140 2087
141 2057
142 2120
143 2003
144 2013
145 2031
146 1903
147 1943
148 2052
149 2100
150 2080
151 2142
152 2110
153 2083
154 2123
155 2083
156 2075
157 2143
158 2093
159 2126
160 2112
161 2073
162 2065
163 2069
164 2138
165 2168
166 2156
167 2122
168 2111
169 2054
170 2108
171 2183
172 2135
173 2130
174 2094
175 2055
176 2031
177 2090
178 2083
179 2110
180 1998
181 1815
182 1682
183 1691
184 1725
185 1843
186 1823
187 1952
188 2000
189 2045
190 2127
191 2063
192 2119
193 2073
194 2032
195 2128
196 2020
197 2127
198 2048
199 2165
200 2142
201 2170
202 2063
203 2047
204 2158
205 2166
206 2138
207 2005
208 2068
209 2066
210 2091
211 2111
212 2027
213 2065
214 2129
215 2105
216 1982
217 1907
218 1851
219 1723
220 1752
221 1754
222 1827
223 1837
224 1906
225 1865
226 1997
227 1971
228 2026
229 2123
230 2094
231 2088
232 2167
233 2027
234 2184
235 2140
236 2044
237 2103
238 2070
239 2153
240 2151
241 2067
242 2143
243 2103
244 2153
245 2098
246 1978
247 2048
248 2130
249 2125
250 2162
251 2176
252 2079
253 2220
254 2081
255 2146
256 2172
257 2099
258 2147
259 2161
260 2247
261 2237
262 2080
263 2122
264 2082
265 2069
266 2085
267 2111
268 2136
269 2036
270 2097
271 2097
272 2088
273 2128
274 2150
275 2007
276 2083
277 2017
278 2105
279 2143
280 2066
281 2060
282 2108
283 2158
284 2101
285 2112
286 2036
287 1966
288 2057
289 1917
290 1888
291 1799
292 1751
293 1759
294 1729
295 1789
296 1799
297 1871
298 1992
299 2074
300 2084
301 2097
302 2011
303 2082
304 2093
305 2178
306 2041
307 2141
308 2064
309 2134
310 2180
311 2058
312 2127
313 2126
314 2114
315 2092
316 2160
317 2079
318 2125
319 2182
320 2023
321 2090
322 2107
323 2111
324 2095
325 2114
326 2007
327 1991
328 1875
329 1754
330 1710
331 1708
332 1803
333 1836
334 1967
335 2024
336 2092
337 2036
338 2061
339 2144
340 2021
341 2092
342 2111
343 2136
344 2124
345 2126
346 2129
347 2122
348 2077
349 2055
350 2035
351 2104
352 2120
353 2028
354 2070
355 1971
356 1997
357 2054
358 2019
359 2151
360 2139
361 2097
362 2109
363 2073
364 2151
365 2022
366 2070
367 2004
368 2003
369 1977
370 1998
371 2056
372 2079
373 2083
374 2096
375 2079
376 2112
377 2137
378 2071
379 2058
380 2108
381 2106
382 2077
383 2080
384 2107
385 2141
386 2052
387 2115
388 2085
389 2097
390 2071
391 2143
392 2079
393 2010
394 1984
395 1870
396 1922
397 1928
398 2010
399 2103
400 2167
401 2108
402 2092
403 2117
404 2123
405 2101
406 2094
407 2134
408 2140
409 2088
410 2070
411 2239
412 2126
413 2189
414 2089
415 2081
416 2171
417 2164
418 2095
419 2125
420 2075
421 2090
422 2094
423 2040
424 2094
425 2126
426 2205
427 2028
428 2041
429 2068
430 2028
431 1846
432 1765
433 1767
434 1724
435 1789
436 1901
437 1925
438 2029
439 2037
440 2118
441 2110
442 2119
443 2071
444 2116
445 2179
446 2138
447 2106
448 2155
449 2152
450 2119
451 2195
452 2053
453 2075
454 2099
455 2135
456 2082
457 2128
458 2102
459 2134
460 2077
461 1993
462 2024
463 2024
464 2156
465 2007
466 2010
467 1875
468 1820
469 1738
470 1831
471 1732
472 1746
473 1828
474 1830
475 1973
476 1974
477 2111
478 2104
479 2037
480 2005
481 2142
482 2235
483 2074
484 2101
485 2093
486 2113
487 2132
488 2158
489 2043
490 2156
491 2127
492 2197
493 2096
494 2155
495 2131
496 2092
497 2045
498 2142
499 2042
500 2103
501 2076
502 2143
503 2130
504 2082
505 2092
506 2130
507 2129
508 2164
509 2160
510 2108
511 2057
512 2125
